10000111100011110011010010
10111100101111011010010010
01110100000011000011100011
11110100001001001010100010
10111100101111011011111011
00100100000001100011010010
10000010000011110110001110
11110101110111111010001010
10111100101010011010110111
10111100101111111111110111
11111100101101011010010010
10011111100011010011110110
11110101110011101011011011
10010111100111111010110011
01110101000011101010000110
11110111110001111011110111
10110100101111101011000010
10110100100101111011110111
11110100101011011011110010
10110101101000101010110000
10000110001001101010100011
10110101100111100011100011
10110110101111101010110011
10110111101001000011000011
01000110000001000000000000
11110111110111111011110111
11011101111101110011001010
00100100100001000011100110
10111111101000101010010000
01110000001001010011110011
11110100101011111111111010
11110100100011001011110010
11111111110000100010110101
11111111010001001001100000
01100100100010011010001001
10100111101001100011000010
11100110010001000010000011
01000100000010000000000001
10010100001001000010011010
11110100010101111111100011
00000110000011110110100010
11010100001010100010100010
10110100000111100000100010
01110100010011110011010111
10111110101111111011110111
10110111111011011011111110
11100110001011101010100000
11110111111011110011010111
00010100000011100000000010
11110100001001000010100111
11110110101111000010110010
10010010101001100010010100
11111111011111111011111101
10111111101111111011010011
01110010001001000000000110
11010110100001110011010011
11111111111111111011111111
11110100000111001010010110
10100100010101100010010101
11110100110111110011010111
11000100000011000011101100
11110110101001000010010010
10010010000001011001001010
11100010000011100001000110
10110000101011000110101000
10110110111011100011010000
10110110101111101010111010
11010110101011100010000010
10010100101001011010100111
11110111101101101010110011
00110100001111011010000010
10111110101011001111011010
01000000001000100010000010
11111111001111011010001010
11110111101101101010100010
10111111101001010011111010
01110110011110011010101110
11110101101001000011011010
10110110101011101111010110
10100100000011100010000010
00000001000100100000000000
11010110001001110010010111
00000110011101110110001110
00000101001011111010000011
10100110001011001010110011
11111011111011001011111011
11010101001011010111100011
10100110000010100111100100
11100100000011110010100111
10111110101101011110010010
10100010101000100010100010
10110100101000000001000111
11110111000001111011110011
10010101001011001010110010
11110100101001011010111011
10110101101001000010101011
10110100101111001011100010
10110100000011110010000011
01100110001001011011001100
10110101100101010111111110
00110100001001011111010011
11010100100001100010000011
11010100001001100010100110
10110100001110011011110010
10110110001011101010110011
10110000101101001011111110
10110110101101111011010011
10110100101101100010001011
10101100100011000011101011
00110101011000100011110011
10111110101101011010010011
01000000000000000100000111
11110111101100111011111011
10110101010000001100100010
11111110111111001011110010
10010110000001100011110000
10010100101111101011110011
00100100100010000010000100
11100100000110100010110011
00000100000001101011000110
01000110010001100000001010
10111100101100001010010110
11010100101011100001110110
10110110000000000011001011
00100110101001100010001011
11111110101110100011111010
11111011111111111011111111
01110111110101111001011111
10100110000011000011100010
01100000000010111000100010
11011111111101111011011111
11110111101011111011111011
01110110000101101011000110
11110110010011100001110000
10111101101001111111111111
11000100000001101010011010
11110111001011111010010110
10110100101011101010101010
11111110111111111111111111
00100110101111010010000010
00010100000010000110101010
11110111101001101011011111
00110110101101111010110110
01110110000011000000010000
11110100101011010001110010
11010100110001001010000000
10110111101010010011111010
11110100000111101011110110
10111101101101101010010111
10110110100101111010110110
11111100101001101011010010
11110100101101110010111011
11111111111111111011111111
11010110100011000011010111
11010010000000100010010000
11110100111111101111010011
11111111111111111111111111
11110100110101001011001111
01110100001010100000110010
10010111001001100010100111
11100111001000000110100111
11110100101111100010110111
10110101111001000011100011
10110110101011011011110010
00010100010001000010000000
10110100111010100010110111
11100101100001000010010010
11110110101001101011110010
10110100101001010010110110
00010000001100001000000000
11111101101011100010111110
10000100000001101011000111
11100110010111100010000010
10110101101011111010111111
10100100100001001110010010
01000010000011100010101011
11010111111011101111110111
10010010101011010010000010
11110100000001100011011111
11010100101011110010110110
11110110000001010010110110
11110100101111111011110111
10111100111011110110110010
11110111111011110011010011
00110010000100100010010000
11111111111111111111111111
11110111111111110011110011
11111111100101101001101111
10110110101011000011110111
11110100010101000010010101
11110100101110111010111011
11000100000001101010100000
11110110101111110010010011
11111111000011101011010011
11101110000101000010010000
10111110100011011010110111
11110100100111000010100010
10011111101111111011010110
10110100010001110010100011
10111110101001011010110110
01010110001001101011010010
11110110000111100011000010
11111100101111110010010010
11110100000011000111011111
10100101100000100000000110
10111111101011001011110111
10010010001011100010100011
00111110101010100111000110
10111100101001011011000011
10111111101000100010000010
10010110101001001010110111
10000100100011100010000011
11111101111001111011111111
10111110101011111010110111
10000111000001000010101110
11110110101001100011000010
10100100100001010110000011
11010000010000101010000011
11111111101111011111010111
00100101000001000010100011
10110100101100100010000011
00010110000001100010001110
01110100011011010010010110
10110110001101101011000010
10111011101111111110111011
10110101000010011011111011
10110100101001100010010111
00111101101001110010100011
10110100100111111010110111
10110101101111101010111010
11110111111111111111110010
11100110100111101011000010
10110110100011000011100010
10111100101001111011110011
11101010101001000010001000
11110110101101101010100100
11110110101001000001010110
11110100101100011011010111
10010100100001100010110011
10110100000011110010000100
10111100101111001011011011
10111110101111111010010010
11111101101111011011110111
11010000101011011011010010
10010110000011001110100011
10100100001011101010000011
10100100000001100011100110
11110100000011100010100011
00110100010011100010010010
11110100010100011110110010
01000100000010000011000110
10000110110010100110010000
00100100000000001010010110
00110110000011100010110110
10110101101011101011110011
11110101011001100011000111
10010110101011001010000010
00000110010010000010100110
00000100000001100010010010
10101001000011010010110000
10110100111011100010110010
10001100000001010010110000
01010100000001100010001100
10110110100111010010000000
10110100001111110011110010
11110101001010110011111111
11110111100011100111110010
11111111110111011011011111
10110100000011100010111111
11111101111000001100001100
11110101101111001110111110
10010101111111011011110111
00010100100000100000011100
00100100101011100010000011
11110111111011110010100110
11100100000001000011100010
10010110000011110010100011
11110000101111100010100010
01010100000000100010000101
11011111111011110011111111
11011111111101111101111111
10110110001101110011110010
11110110101111001011110110
11101100101101111011011011
11110100101001001111010011
00010100111011100110110100
10100100101001000011100000
10110000000011100011000001
10110111001011001011010010
10110110101011001111111111
11101100111011111010010010
10110110101111111011111011
11100000100001110010000010
00010110101000011011001110
01011101111001111011111111
11110100101011101011110111
11110111100011111011011111
11110111011001111010100110
10110110000010100010101100
11110111101111110011010011
11111111111111111111111011
11111100100000100011110010
10110100101011111010110011
10100110110000100010010010
10100110100011101111100011
11110100001101001011000010
10111100101101001010011010
11100100000011100011100011
11110110101101011010111110
11000000100011011010001110
10010110001001100011100010
11110110001111011010111011
10010100101001011010110111
10110000100000001010000100
11111111111111111011011111
11010010111001011011110111
10110110101000101001000000
11110110000101001010000110
10110110101001110010110111
11100100000111101010110010
10110110100011010011110111
11100110000001010010000111
00000100001001101010000010
11100110000010100000100101
10100111101011101100100110
10000110001111100011000010
01010010100001101000101010
10100110101111110000000110
11110100101001111010110100
10110100100011110010110110
10110110101111111011100111
11010100101001010110110010
11100110000001001001011001
11110100000001100110101010
10111100101101011010011010
11110100001000000000111110
00000100000000000010000000
10010110001011110010100010
00100100000011110010000011
11111101010001011111110011
00000100010011010010110000
10100100000111000010110001
00000000010000100001000010
11110100101101001011111010
10010110101001001010110011
10000110000010100001000110
11010000111111111110110011
10100100000011000010011111
10100100000001100010010010
10111010101001000011110010
11110111101101001011111011
10100110000011000010111010
10110101110011100010001010
10110000101101101011111011
01100110001011100001101010
11000010101001000011101110
11100100101001000111100000
10000111001001101111011110
10100001010000100010000010
11110101101101100110010010
10000100100100010011110010
10010111010011000011010110
10100110010111100010010010
11110000001011101010001010
11000010000001000010001000
10110100000001101010111010
10110100101101111011010010
10010110010000100011110011
10100110010001010010001010
01010100101111111010100010
11110110101110111011110010
11110110101111110011000011
11100110000001000011000011
11111110110111101010110010
11110110010101101010000111
10111110001111101011010010
10111100101101011011010011
11010110101010101010000010
10100110101001001010100011
10110110001101101010110111
10100100000011100011000011
00010100100000000010001110
10111110101111001010110110
11110110011111101110100010
11110111000100001010110010
00000000000010110011000010
11110100100011110010110011
10000100101011100010000111
11000110000111110010000110
00100101000010100010110001
11111110110111001011110010
10000110000010100010000011
00000100110010000011100011
00100110010011000110100010
10110110100111111111100011
11111110110111001010110010
11100101010101101010000010
11000110001011110010000101
10111110101101011011110011
00110010000011011010000010
10111100101001111010111011
10111000010011100001100110
11100110001101111010111010
10110110000001100010010111
10110110100001010010100011
11110110101110000000010111
10100110100101111000011110
11110100101101101010011111
11010100000010100011000011
10010100000010000100110110
00010100001001101011010010
11111101110010010010010111
11000100010011110010001011
10111110101001010010111111
10010100101001001010011110
11010100100110001011110010
11110100000111101011001010
00100000010010010000100000
00010000101011000011011010
10110101101011111011010010
10110110101011011010110010
11100110001001100010000010
10100110010011100110000100
11100100010110100010100000
11010100001001000010010011
01100100000100110011000011
11110110000101101110110010
11110101101000110011011000
10111100000110101011110010
11111100110001100010110010
10111110101011111010011111
00100110000101100000001001
01111111111111111011010111
11110011011000000010100010
01111110100101101010010011
10010100001011100110100010
10100110001011000110001110
10100110001111110110101010
11010110100111000010000010
11110101001001100010010010
11100111111001111010101011
10000100010011100010000101
10110110000001011010110100
10110010101010110000010111
01010100000010100000000011
10110110101100000010011110
10111110101011101010111111
11100110100001110011001011
10110110000111101011110011
11110100101011101010111111
10100000001001110010000011
11010110010101000010100010
00100110010011001111101010
10100110100001101011100001
01010100100010000000000010
10110100101001000011110010
11010100110000101010011101
10101001000011010010110000
10010110101001101110110010
11110101101111111011001111
11010101000011100010001010
00010101101111101011110111
11011100101111111011111111
11010101100001101011010010
10100110100111110101100110
10110101000001001011010010
11011111101111111011111111
01100010000001110010010000
00100100010010110000000010
11110111000001100011011011
01001000011000100000001000
11110101001011101011110110
11111111001001100011010111
11111011111111111111111111
11110110010010100011010100
11010110001011101010100110
11111111111111110001111111
11111111011111111111111111
11100101001011100010100010
11110110000000101010110111
11010100110111111001110011
11111110111111111111111011
11111000101110101101110010
11111101001001100010010111
01000110001010000001000010
00001100100000010010000100
11110010011000010010100101
11110110100101101010110010
11111111101111111111111111
10100100000111110111010010
10011110000000100001000001
11111111000000000010000001
11000100000011100100001010
10110111101111100010110110
00000100000001000000000110
10010100101000101010110110
10100100000001000010001101
10110110000001000000000100
10110110000011000011100011
10110100101011110001010110
11110111101110111011111111
10110110110010100010111101
11110101110101011011010010
11110101100010100010100011
11110110100111001010110011
10110110101011101000111110
00000110000011000010000000
10000100101101110010100010
11110111111011111111111111
10111110100011101110011110
01110100000111000010110110
11100100001011000011111111
11110111111111111011010111
10110110010100000110000010
11100100001001000011101011
01000100001110100010011010
01100110011000000011010010
10111101100000011011110010
11110111101001111011111011
11111111101011111011111011
00100110000001110010000001
10110110101001001110101010
11011110100011100011010111
11110101101111001011011111
11111001111001110011111011
11100100000001100011100111
10110110001001100011101010
10010100001101000010010010
11111100000101110010100010
11010100000010000100000010
10111110001101010010110111
11110110101011111111010111
11100110000111100011100010
10111100101100111110111011
10100001101111010011010111
10111100011000111001000001
00100110000001011010110110
10110110100101001011110010
11110100101011111111110010
10110110000011101011001010
10101110100101100010010110
01000000011001011010001011
10100100101101001011000010
11000000000111110010000011
11010000000111110010000010
00010100001011000011000010
10110100101111011010011010
10010101001010110010010110
10110110101101000010110010
